644 277 543 347 878 855 216 735 122 525 399 98 91 626 229 169 891 838 220 613 826 152 857 658 327 788 821 359 309 624 296 305 901 191 653 131 47 221 218 521 99 969 
619 190 595 848 712 838 38 932 804 864 437 661 874 116 801 47 475 463 671 772 768 925 963 421 56 362 995 627 883 94 596 502 636 192 702 348 382 740 633 186 957 
70 200 183 538 1 231 14 464 902 786 585 179 101 358 236 464 353 863 699 799 811 554 436 3 256 136 738 349 769 276 658 191 476 841 730 830 424 96 646 679 234 
231 858 335 590 446 151 295 661 203 447 473 757 883 828 365 371 566 66 141 843 76 684 671 270 766 853 694 862 500 373 96 83 232 784 25 678 287 673 692 490 120 
165 247 355 993 965 726 560 31 219 755 108 904 778 378 22 632 424 885 484 798 333 567 382 469 945 412 757 618 104 247 738 269 495 93 263 460 819 175 843 391 930 
303 295 60 681 317 692 458 554 176 256 240 96 638 709 41 50 466 659 155 714 749 776 561 842 39 373 13 566 216 404 848 520 51 909 553 721 601 11 275 130 619 
867 578 257 577 619 660 43 630 167 757 379 295 318 573 687 691 938 253 260 343 102 780 746 11 685 467 964 697 95 446 316 962 24 926 539 995 938 583 625 457 692 
356 752 11 281 439 54 220 693 314 915 147 446 661 510 132 129 474 181 224 921 849 538 945 127 78 941 65 13 918 874 705 627 979 68 908 418 475 480 463 141 395 
962 588 57 472 72 186 947 253 762 220 454 300 165 582 730 458 999 95 377 874 801 356 853 221 264 623 696 745 439 838 140 401 778 549 874 850 87 173 455 849 393 
909 502 910 491 584 369 491 680 98 717 833 454 922 54 70 545 751 167 336 941 660 738 719 209 964 569 297 137 24 498 882 285 352 792 129 937 513 972 969 963 689 
802 769 611 856 840 508 959 359 845 900 371 583 619 933 899 188 582 36 564 80 270 202 785 62 331 722 928 303 691 891 344 493 661 955 701 853 815 661 212 660 561 
936 595 181 869 494 721 451 882 638 883 152 840 668 567 523 742 495 178 433 386 522 278 47 829 332 252 644 993 817 305 906 753 900 439 974 747 161 425 629 151 308 
134 343 329 701 866 71 196 44 857 582 918 487 982 747 819 586 391 164 403 696 71 508 949 510 482 696 23 907 677 526 568 811 869 249 512 87 320 60 483 529 995 
401 17 977 148 836 915 540 353 319 588 424 179 537 286 662 585 662 921 263 188 841 426 58 90 291 145 763 351 629 292 346 30 661 675 531 498 591 71 203 262 659 
627 441 197 265 103 134 927 25 749 116 218 176 526 309 467 671 424 818 652 716 165 35 378 192 566 228 783 989 783 45 648 410 487 197 27 942 684 955 319 433 423 
538 961 949 199 428 972 623 599 625 691 116 12 421 308 930 1 92 919 784 489 919 546 328 117 926 271 153 881 590 586 304 480 548 605 679 328 577 654 927 554 698 
395 566 471 704 496 473 148 767 609 989 687 508 318 156 434 941 309 315 883 247 971 364 147 928 395 476 505 402 755 60 100 151 978 571 207 827 396 707 594 6 48 
633 514 366 141 948 659 802 615 543 50 938 907 197 866 654 25 371 56 781 783 508 284 762 80 491 589 476 550 535 834 598 521 348 317 662 648 976 817 615 519 219 
553 778 768 771 433 794 495 841 575 278 350 859 392 430 702 333 258 252 221 445 202 742 145 519 756 794 496 573 761 15 792 315 146 913 438 931 707 933 772 634 564 
474 845 956 256 547 642 515 151 863 960 705 605 105 225 713 251 721 639 13 88 783 680 586 696 118 517 403 404 642 37 968 116 882 924 373 781 566 240 284 781 552 
990 738 9 215 452 613 288 91 626 728 226 658 667 923 128 184 678 532 178 68 500 295 302 777 20 84 343 612 720 477 164 710 215 525 277 667 138 917 110 116 998 
337 774 665 260 903 201 290 787 380 358 288 27 661 417 399 97 112 11 817 589 175 880 805 700 157 472 191 427 935 307 777 272 82 794 884 337 995 174 476 727 885 
116 106 546 533 505 643 646 868 460 235 395 340 40 96 850 865 639 629 800 946 406 424 380 200 660 717 547 186 194 627 71 662 733 617 196 591 612 842 459 425 77 
855 117 470 303 967 335 942 948 487 888 354 263 269 906 923 338 454 109 884 433 181 547 166 150 743 757 115 937 569 540 366 424 657 836 727 977 523 21 925 362 909 
632 625 530 538 548 221 344 658 105 777 191 4 296 693 747 405 808 36 974 348 403 750 358 239 829 335 115 850 260 477 112 244 455 994 135 3 215 831 13 321 609 
556 325 257 250 425 662 410 461 989 759 864 739 117 456 569 804 923 771 416 752 883 661 207 230 796 563 445 979 928 118 588 485 796 197 87 221 212 497 34 201 608 
251 940 77 59 861 881 982 633 298 86 868 311 294 98 459 209 896 438 137 14 379 974 810 576 413 383 788 263 418 341 223 669 282 301 728 495 534 62 480 184 148 
349 495 794 799 306 355 695 745 493 710 476 819 520 404 233 904 545 848 674 886 71 695 520 724 775 16 259 837 496 795 337 197 643 484 997 949 839 692 46 332 402 
522 504 275 279 89 531 824 937 205 710 360 252 231 85 27 247 696 864 95 491 553 293 134 37 290 84 877 982 482 561 737 5 417 364 284 506 247 460 795 804 170 
156 56 401 593 83 0 289 299 96 780 204 389 267 594 31 351 471 365 833 384 454 190 154 818 826 12 417 286 808 221 457 316 629 210 909 712 211 550 363 659 330 
568 400 597 162 431 300 985 796 486 721 251 28 875 421 855 240 839 493 48 60 302 716 42 513 625 754 76 527 470 87 209 390 487 159 904 918 459 241 66 297 314 
317 326 190 739 533 782 930 26 830 342 329 546 384 194 523 491 622 50 961 709 259 703 196 418 607 466 230 848 532 527 162 202 205 704 293 738 486 223 117 668 565 
446 566 950 992 89 793 614 491 754 675 103 457 223 521 416 689 103 264 573 983 778 775 188 835 68 927 321 643 396 342 209 842 908 511 186 998 304 152 841 410 827 
944 219 50 818 635 739 921 251 664 904 29 440 445 864 860 724 538 504 120 880 65 314 788 928 500 138 232 652 332 994 479 276 213 881 94 848 972 368 99 636 272 
480 428 69 345 289 793 235 145 913 467 210 579 607 138 79 746 722 83 430 716 914 706 929 795 801 129 767 521 228 756 145 708 184 215 405 825 360 992 970 274 459 
532 205 67 22 285 165 96 720 595 164 635 653 445 782 806 574 902 327 154 658 473 863 194 688 620 20 48 965 342 674 424 227 880 843 249 517 8 698 237 955 862 
224 609 308 7 415 882 909 743 37 919 568 252 113 256 224 133 656 189 828 683 966 55 915 809 656 784 818 354 373 125 217 598 734 877 957 150 111 218 245 500 137 
813 104 250 421 329 736 429 870 564 112 836 619 379 646 275 163 816 982 537 941 551 135 676 428 444 178 891 662 775 392 151 940 496 401 361 177 489 142 400 405 255 
236 376 986 234 652 150 50 986 39 344 537 526 372 317 970 550 208 632 677 952 783 617 449 536 330 978 378 472 378 783 79 967 160 66 201 164 568 252 502 607 948 
39 133 320 356 103 222 916 87 899 869 222 868 670 110 198 0 488 670 379 272 102 346 784 520 899 300 88 503 802 695 451 841 180 771 549 283 993 817 722 892 38 
944 112 708 54 310 61 895 333 440 519 435 138 303 307 37 955 395 541 757 442 344 950 622 116 851 257 109 668 979 354 707 275 466 767 681 129 828 576 814 620 95 
601 110 398 908 500 353 303 393 462 745 737 412 367 853 263 624 315 284 955 21 343 230 839 110 911 968 291 840 782 263 935 383 374 686 643 874 391 946 619 854 43 
356 618 410 562 234 386 877 518 693 250 861 923 89 323 187 58 966 27 192 230 314 928 604 0 571 830 392 870 449 598 913 157 216 676 719 450 62 948 320 108 198 
533 383 288 209 570 698 175 949 242 405 264 522 361 616 94 543 8 316 344 606 229 502 823 905 573 625 320 874 946 428 72 831 811 712 40 734 762 568 35 5 973 
651 527 687 268 973 582 276 289 927 235 871 781 410 776 706 35 448 580 333 876 5 165 40 69 557 126 832 125 513 189 451 165 68 490 433 394 72 61 683 351 296 
906 484 706 683 543 94 131 123 779 360 480 296 752 550 854 230 382 331 743 923 782 260 991 624 693 385 697 107 421 400 755 327 237 814 362 780 908 846 255 687 206 
736 984 310 286 190 540 20 521 635 943 656 896 286 280 941 672 329 400 445 82 156 772 319 970 487 451 230 333 706 269 539 442 605 201 80 795 93 100 669 80 395 
325 976 682 957 270 706 639 670 151 721 178 275 392 148 762 843 730 95 549 0 986 992 957 539 424 753 984 877 774 65 272 451 393 306 408 663 364 47 686 867 120 
864 495 512 13 609 355 95 705 905 95 43 249 53 935 673 158 919 902 284 984 527 735 378 833 495 393 550 895 79 417 15 944 912 528 309 522 235 404 579 140 852 
974 741 905 261 767 415 181 669 51 517 196 786 247 382 633 641 284 528 720 701 896 16 966 424 325 840 11 730 771 504 582 745 245 839 7 364 606 540 34 657 57 
582 795 305 316 428 298 600 957 18 654 853 387 620 629 712 460 640 794 583 144 376 328 742 567 687 106 525 227 492 182 637 427 977 942 743 406 240 696 715 610 350 
920 997 970 549 62 782 541 856 365 38 585 45 132 152 733 238 678 312 83 212 949 510 190 243 253 948 835 949 15 798 651 935 795 973 484 857 755 377 66 472 415 
651 870 547 155 955 138 833 267 221 398 569 83 588 164 688 888 0 990 903 150 641 838 945 615 674 155 722 403 221 195 171 224 417 70 379 372 208 565 991 781 963 
912 216 903 77 905 143 429 895 398 579 536 236 876 503 262 383 226 17 956 773 188 180 190 259 912 914 819 477 905 953 792 170 169 47 247 74 190 28 321 588 959 
210 176 835 713 790 571 939 807 527 64 996 60 606 607 972 520 426 801 778 731 945 948 901 992 547 327 182 575 1 122 534 211 298 721 276 88 644 568 895 172 632 
243 584 239 850 908 111 629 709 889 360 654 837 613 998 384 293 180 959 294 302 845 857 952 919 133 40 563 701 287 87 686 531 671 277 733 579 388 362 640 278 75 
646 115 40 644 500 333 176 811 979 830 9 188 782 928 322 174 843 375 462 931 61 345 954 338 430 886 79 793 526 357 220 525 472 260 169 324 946 698 488 277 880 
497 466 663 777 788 189 972 515 3 903 929 348 210 619 131 96 698 924 622 55 496 499 880 108 669 556 54 719 44 332 599 893 798 614 22 938 804 995 805 807 250 
734 508 460 354 639 556 404 915 531 460 411 30 692 871 51 248 926 770 645 610 722 538 408 336 913 698 140 908 503 300 510 238 808 971 944 799 879 348 714 410 160 
477 793 852 348 844 453 626 967 98 236 689 988 996 377 901 46 870 809 550 170 672 140 330 643 436 481 522 136 547 285 297 376 78 501 76 274 954 703 241 404 291 
282 393 640 660 294 686 882 456 588 404 128 80 86 123 516 567 997 5 466 282 302 842 712 155 918 987 462 973 228 866 617 863 611 609 523 906 295 757 714 236 161 
194 668 247 317 537 166 666 542 632 949 844 474 661 351 744 648 813 70 229 680 687 92 291 296 967 549 943 724 615 531 237 809 200 484 478 737 2 145 279 634 446 
475 460 459 826 556 108 640 626 689 672 665 781 315 961 100 865 257 176 832 788 413 642 988 249 472 77 251 969 356 237 767 183 49 227 10 605 687 2 584 376 674 
249 509 989 563 961 206 820 137 39 608 550 33 949 151 857 378 754 179 87 343 946 270 392 525 280 349 212 634 933 940 660 535 801 650 98 762 208 918 251 599 878 
801 632 179 304 842 558 58 21 645 401 967 915 145 845 548 495 57 182 780 350 843 315 151 845 413 266 405 683 517 5 562 671 637 93 975 479 651 386 500 296 787 
820 564 933 665 112 780 74 646 560 776 841 228 280 686 993 546 92 29 415 97 943 86 86 36 414 918 688 800 418 336 939 590 900 224 607 12 356 34 659 917 810 
500 497 90 539 490 988 983 519 404 80 814 842 518 851 256 436 539 408 207 875 348 149 776 924 757 140 281 143 151 550 305 4 47 396 543 889 736 878 761 140 958 
575 335 828 778 591 265 317 352 472 545 700 621 673 976 730 813 257 225 317 159 531 321 558 927 216 448 15 94 561 508 404 488 843 232 267 434 497 936 786 321 481 
838 295 506 167 377 320 776 603 989 936 134 310 494 413 526 294 428 620 855 288 376 696 131 608 963 918 458 899 56 131 733 895 426 239 414 156 911 190 759 900 126 
245 210 621 10 88 915 790 60 123 79 436 819 210 45 134 128 855 33 185 986 766 432 765 358 846 921 269 36 32 170 515 629 732 136 639 821 403 429 233 878 508 
670 697 71 67 183 199 922 217 736 908 335 520 25 45 366 946 315 755 330 837 270 959 921 758 950 742 513 732 328 392 240 998 441 663 65 625 215 987 194 951 247 
881 824 273 927 542 571 594 297 254 431 919 565 352 29 516 447 543 248 775 287 840 125 728 504 190 705 71 529 899 374 128 133 198 401 60 741 325 654 38 579 437 
310 144 789 339 12 588 882 612 363 169 453 488 250 309 30 955 380 911 207 754 40 340 305 793 752 46 118 406 436 49 843 746 546 984 438 558 573 320 171 288 842 
976 129 444 637 511 751 369 423 958 123 463 650 780 256 754 826 727 160 263 776 355 361 322 692 799 233 617 472 756 257 314 732 386 110 369 250 861 738 673 820 213 
136 822 994 744 577 172 471 89 435 600 797 797 922 841 948 507 458 420 263 715 86 995 454 196 716 56 58 806 729 230 20 217 404 366 961 333 538 785 423 326 385 
572 475 659 413 423 167 223 196 430 290 282 778 96 831 494 152 889 301 233 471 673 450 875 391 764 209 281 901 984 607 286 556 434 945 321 210 464 896 406 895 186 
40 673 283 871 519 787 112 172 21 583 197 823 459 588 587 20 222 488 4 181 126 912 616 424 585 826 888 481 584 135 667 624 160 302 848 680 90 960 204 463 896 
402 286 707 342 226 727 564 714 731 746 193 995 362 617 580 540 505 61 476 993 80 100 153 383 300 185 825 613 390 640 509 792 926 216 134 152 943 51 219 26 797 
412 373 511 29 953 51 886 366 527 879 446 979 33 181 632 218 6 245 960 646 754 752 925 322 239 429 265 290 648 643 439 412 16 950 793 321 353 680 687 232 911 
133 563 944 667 195 515 673 440 475 672 546 580 949 868 171 378 485 813 379 480 252 791 848 202 937 169 907 617 208 139 528 694 702 825 361 898 692 386 690 167 58 
589 99 359 457 270 738 295 435 469 775 687 612 624 241 549 145 148 518 354 287 47 48 342 224 409 592 916 795 282 435 206 871 887 565 681 157 655 328 945 476 103 
632 89 79 874 990 225 374 509 931 14 908 979 356 132 388 948 400 535 582 187 93 806 74 659 487 584 666 815 529 495 270 161 584 702 387 926 279 762 435 210 776 
695 541 484 179 281 432 579 816 14 119 910 172 193 921 659 777 939 826 658 434 449 820 370 503 559 297 782 673 84 344 449 780 885 933 959 518 717 891 334 84 10 
596 256 203 869 268 333 809 446 991 595 895 163 966 398 75 615 532 748 699 228 198 479 113 483 791 631 553 682 318 637 44 266 245 247 136 513 932 945 960 276 892 
855 791 858 606 866 473 490 615 525 719 165 356 184 0 147 168 553 181 486 190 225 752 436 825 240 301 757 537 261 385 430 469 177 288 427 43 114 917 658 991 636 
175 347 173 176 495 341 729 28 827 272 254 931 60 431 172 361 188 709 975 926 491 444 103 132 871 146 246 140 157 589 129 332 936 302 508 783 643 238 812 822 862 
418 753 922 849 277 635 389 987 610 315 478 54 418 610 277 917 208 770 74 797 899 758 86 201 267 869 196 857 681 18 71 99 771 993 300 49 628 690 388 239 5 
218 645 424 181 275 693 389 45 767 539 944 877 625 497 144 494 693 353 528 711 424 979 834 769 280 235 398 970 975 989 327 194 634 103 375 261 796 116 306 915 7 
250 793 632 99 937 479 144 643 359 207 419 690 42 189 970 629 939 292 605 928 620 799 914 723 526 176 520 642 482 435 650 85 228 634 536 518 465 681 513 824 888 
932 867 282 121 837 912 412 482 517 340 454 668 607 177 194 135 49 188 969 837 190 406 417 825 943 287 642 624 800 819 512 85 686 795 558 875 59 971 357 928 663 
811 596 270 341 142 757 390 330 727 579 521 133 997 698 76 636 692 700 437 511 565 522 197 712 80 73 771 403 782 699 67 594 647 337 287 789 95 677 471 174 609 
344 307 958 394 384 594 87 436 31 950 353 905 148 65 338 573 188 741 707 239 808 653 238 498 940 27 945 970 499 119 579 195 778 537 590 514 131 677 951 515 627 
656 772 127 74 462 52 262 204 760 854 364 413 92 214 354 472 511 676 323 982 255 518 761 144 108 275 627 137 578 494 765 235 267 244 309 729 297 923 285 409 777 
2 822 222 216 528 46 728 556 369 62 811 239 823 307 700 451 935 837 29 429 954 264 48 199 925 778 848 849 415 257 978 417 431 552 986 312 598 714 868 319 128 
32 559 952 339 259 403 274 448 432 56 403 49 104 954 974 234 154 175 650 411 154 67 194 706 53 506 657 119 375 976 600 407 887 552 98 498 307 725 947 91 781 
702 140 237 8 467 472 162 642 474 573 148 893 767 855 299 626 864 770 353 840 370 112 728 922 210 578 581 935 525 673 68 579 165 306 587 632 130 749 627 956 674 
127 849 794 334 148 420 198 919 773 39 641 885 119 916 447 697 497 735 575 170 803 154 688 461 94 672 943 843 299 899 518 779 749 664 113 249 84 312 520 209 703 
162 446 822 78 893 871 927 980 798 450 784 305 138 597 399 810 541 594 462 792 464 241 